1	1	-50.00	50.00	-50.00	1.00	0.00	0.00
1	1	-50.00	50.00	-35.00	1.00	0.00	0.00
1	1	-50.00	50.00	-20.00	1.00	0.00	0.00
1	1	-50.00	50.00	-5.00	1.00	0.00	0.00
1	1	-50.00	50.00	10.00	1.00	0.00	0.00
1	1	-50.00	50.00	25.00	1.00	0.00	0.00
1	1	-50.00	50.00	40.00	1.00	0.00	0.00
1	1	-50.00	50.00	50.00	1.00	0.00	0.00
1	2	-50.00	40.00	-50.00	1.00	0.00	0.00
1	2	-50.00	40.00	-35.00	1.00	0.00	0.00
1	2	-50.00	40.00	-20.00	1.00	0.00	0.00
1	2	-50.00	40.00	-5.00	1.00	0.00	0.00
1	2	-50.00	40.00	10.00	1.00	0.00	0.00
1	2	-50.00	40.00	25.00	1.00	0.00	0.00
1	2	-50.00	40.00	40.00	1.00	0.00	0.00
1	2	-50.00	40.00	50.00	1.00	0.00	0.00
1	3	-50.00	30.00	-50.00	1.00	0.00	0.00
1	3	-50.00	30.00	-35.00	1.00	0.00	0.00
1	3	-50.00	30.00	-20.00	1.00	0.00	0.00
1	3	-50.00	30.00	-5.00	1.00	0.00	0.00
1	3	-50.00	30.00	10.00	1.00	0.00	0.00
1	3	-50.00	30.00	25.00	1.00	0.00	0.00
1	3	-50.00	30.00	40.00	1.00	0.00	0.00
1	3	-50.00	30.00	50.00	1.00	0.00	0.00
1	4	-50.00	20.00	-50.00	1.00	0.00	0.00
1	4	-50.00	20.00	-35.00	1.00	0.00	0.00
1	4	-50.00	20.00	-20.00	1.00	0.00	0.00
1	4	-50.00	20.00	-5.00	1.00	0.00	0.00
1	4	-50.00	20.00	10.00	1.00	0.00	0.00
1	4	-50.00	20.00	25.00	1.00	0.00	0.00
1	4	-50.00	20.00	40.00	1.00	0.00	0.00
1	4	-50.00	20.00	50.00	1.00	0.00	0.00
1	5	-50.00	10.00	-50.00	1.00	0.00	0.00
1	5	-50.00	10.00	-35.00	1.00	0.00	0.00
1	5	-50.00	10.00	-20.00	1.00	0.00	0.00
1	5	-50.00	10.00	-5.00	1.00	0.00	0.00
1	5	-50.00	10.00	10.00	1.00	0.00	0.00
1	5	-50.00	10.00	25.00	1.00	0.00	0.00
1	5	-50.00	10.00	40.00	1.00	0.00	0.00
1	5	-50.00	10.00	50.00	1.00	0.00	0.00
1	6	-50.00	0.00	-50.00	1.00	0.00	0.00
1	6	-50.00	0.00	-35.00	1.00	0.00	0.00
1	6	-50.00	0.00	-20.00	1.00	0.00	0.00
1	6	-50.00	0.00	-5.00	1.00	0.00	0.00
1	6	-50.00	0.00	10.00	1.00	0.00	0.00
1	6	-50.00	0.00	25.00	1.00	0.00	0.00
1	6	-50.00	0.00	40.00	1.00	0.00	0.00
1	6	-50.00	0.00	50.00	1.00	0.00	0.00
1	7	-50.00	-10.00	-50.00	1.00	0.00	0.00
1	7	-50.00	-10.00	-35.00	1.00	0.00	0.00
1	7	-50.00	-10.00	-20.00	1.00	0.00	0.00
1	7	-50.00	-10.00	-5.00	1.00	0.00	0.00
1	7	-50.00	-10.00	10.00	1.00	0.00	0.00
1	7	-50.00	-10.00	25.00	1.00	0.00	0.00
1	7	-50.00	-10.00	40.00	1.00	0.00	0.00
1	7	-50.00	-10.00	50.00	1.00	0.00	0.00
1	8	-50.00	-20.00	-50.00	1.00	0.00	0.00
1	8	-50.00	-20.00	-35.00	1.00	0.00	0.00
1	8	-50.00	-20.00	-20.00	1.00	0.00	0.00
1	8	-50.00	-20.00	-5.00	1.00	0.00	0.00
1	8	-50.00	-20.00	10.00	1.00	0.00	0.00
1	8	-50.00	-20.00	25.00	1.00	0.00	0.00
1	8	-50.00	-20.00	40.00	1.00	0.00	0.00
1	8	-50.00	-20.00	50.00	1.00	0.00	0.00
1	9	-50.00	-30.00	-50.00	1.00	0.00	0.00
1	9	-50.00	-30.00	-35.00	1.00	0.00	0.00
1	9	-50.00	-30.00	-20.00	1.00	0.00	0.00
1	9	-50.00	-30.00	-5.00	1.00	0.00	0.00
1	9	-50.00	-30.00	10.00	1.00	0.00	0.00
1	9	-50.00	-30.00	25.00	1.00	0.00	0.00
1	9	-50.00	-30.00	40.00	1.00	0.00	0.00
1	9	-50.00	-30.00	50.00	1.00	0.00	0.00
1	10	-50.00	-40.00	-50.00	1.00	0.00	0.00
1	10	-50.00	-40.00	-35.00	1.00	0.00	0.00
1	10	-50.00	-40.00	-20.00	1.00	0.00	0.00
1	10	-50.00	-40.00	-5.00	1.00	0.00	0.00
1	10	-50.00	-40.00	10.00	1.00	0.00	0.00
1	10	-50.00	-40.00	25.00	1.00	0.00	0.00
1	10	-50.00	-40.00	40.00	1.00	0.00	0.00
1	10	-50.00	-40.00	50.00	1.00	0.00	0.00
1	11	-50.00	-50.00	50.00	1.00	0.00	0.00
1	11	-50.00	-50.00	35.00	1.00	0.00	0.00
1	11	-50.00	-50.00	20.00	1.00	0.00	0.00
1	11	-50.00	-50.00	5.00	1.00	0.00	0.00
1	11	-50.00	-50.00	-10.00	1.00	0.00	0.00
1	11	-50.00	-50.00	-25.00	1.00	0.00	0.00
1	11	-50.00	-50.00	-40.00	1.00	0.00	0.00
1	11	-50.00	-50.00	-50.00	1.00	0.00	0.00
2	1	-50.00	-50.00	-50.00	0.00	1.00	0.00
2	1	-50.00	-50.00	-35.00	0.00	1.00	0.00
2	1	-50.00	-50.00	-20.00	0.00	1.00	0.00
2	1	-50.00	-50.00	-5.00	0.00	1.00	0.00
2	1	-50.00	-50.00	10.00	0.00	1.00	0.00
2	1	-50.00	-50.00	25.00	0.00	1.00	0.00
2	1	-50.00	-50.00	40.00	0.00	1.00	0.00
2	1	-50.00	-50.00	50.00	0.00	1.00	0.00
2	2	-40.00	-50.00	50.00	0.00	1.00	0.00
2	2	-40.00	-50.00	35.00	0.00	1.00	0.00
2	2	-40.00	-50.00	20.00	0.00	1.00	0.00
2	2	-40.00	-50.00	5.00	0.00	1.00	0.00
2	2	-40.00	-50.00	-10.00	0.00	1.00	0.00
2	2	-40.00	-50.00	-25.00	0.00	1.00	0.00
2	2	-40.00	-50.00	-40.00	0.00	1.00	0.00
2	2	-40.00	-50.00	-50.00	0.00	1.00	0.00
2	3	-30.00	-50.00	50.00	0.00	1.00	0.00
2	3	-30.00	-50.00	35.00	0.00	1.00	0.00
2	3	-30.00	-50.00	20.00	0.00	1.00	0.00
2	3	-30.00	-50.00	5.00	0.00	1.00	0.00
2	3	-30.00	-50.00	-10.00	0.00	1.00	0.00
2	3	-30.00	-50.00	-25.00	0.00	1.00	0.00
2	3	-30.00	-50.00	-40.00	0.00	1.00	0.00
2	3	-30.00	-50.00	-50.00	0.00	1.00	0.00
2	4	-20.00	-50.00	50.00	0.00	1.00	0.00
2	4	-20.00	-50.00	35.00	0.00	1.00	0.00
2	4	-20.00	-50.00	20.00	0.00	1.00	0.00
2	4	-20.00	-50.00	5.00	0.00	1.00	0.00
2	4	-20.00	-50.00	-10.00	0.00	1.00	0.00
2	4	-20.00	-50.00	-25.00	0.00	1.00	0.00
2	4	-20.00	-50.00	-40.00	0.00	1.00	0.00
2	4	-20.00	-50.00	-50.00	0.00	1.00	0.00
2	5	-10.00	-50.00	50.00	0.00	1.00	0.00
2	5	-10.00	-50.00	35.00	0.00	1.00	0.00
2	5	-10.00	-50.00	20.00	0.00	1.00	0.00
2	5	-10.00	-50.00	5.00	0.00	1.00	0.00
2	5	-10.00	-50.00	-10.00	0.00	1.00	0.00
2	5	-10.00	-50.00	-25.00	0.00	1.00	0.00
2	5	-10.00	-50.00	-40.00	0.00	1.00	0.00
2	5	-10.00	-50.00	-50.00	0.00	1.00	0.00
2	6	0.00	-50.00	50.00	0.00	1.00	0.00
2	6	0.00	-50.00	35.00	0.00	1.00	0.00
2	6	0.00	-50.00	20.00	0.00	1.00	0.00
2	6	0.00	-50.00	5.00	0.00	1.00	0.00
2	6	0.00	-50.00	-10.00	0.00	1.00	0.00
2	6	0.00	-50.00	-25.00	0.00	1.00	0.00
2	6	0.00	-50.00	-40.00	0.00	1.00	0.00
2	6	0.00	-50.00	-50.00	0.00	1.00	0.00
2	7	10.00	-50.00	50.00	0.00	1.00	0.00
2	7	10.00	-50.00	35.00	0.00	1.00	0.00
2	7	10.00	-50.00	20.00	0.00	1.00	0.00
2	7	10.00	-50.00	5.00	0.00	1.00	0.00
2	7	10.00	-50.00	-10.00	0.00	1.00	0.00
2	7	10.00	-50.00	-25.00	0.00	1.00	0.00
2	7	10.00	-50.00	-40.00	0.00	1.00	0.00
2	7	10.00	-50.00	-50.00	0.00	1.00	0.00
2	8	20.00	-50.00	50.00	0.00	1.00	0.00
2	8	20.00	-50.00	35.00	0.00	1.00	0.00
2	8	20.00	-50.00	20.00	0.00	1.00	0.00
2	8	20.00	-50.00	5.00	0.00	1.00	0.00
2	8	20.00	-50.00	-10.00	0.00	1.00	0.00
2	8	20.00	-50.00	-25.00	0.00	1.00	0.00
2	8	20.00	-50.00	-40.00	0.00	1.00	0.00
2	8	20.00	-50.00	-50.00	0.00	1.00	0.00
2	9	30.00	-50.00	50.00	0.00	1.00	0.00
2	9	30.00	-50.00	35.00	0.00	1.00	0.00
2	9	30.00	-50.00	20.00	0.00	1.00	0.00
2	9	30.00	-50.00	5.00	0.00	1.00	0.00
2	9	30.00	-50.00	-10.00	0.00	1.00	0.00
2	9	30.00	-50.00	-25.00	0.00	1.00	0.00
2	9	30.00	-50.00	-40.00	0.00	1.00	0.00
2	9	30.00	-50.00	-50.00	0.00	1.00	0.00
2	10	40.00	-50.00	50.00	0.00	1.00	0.00
2	10	40.00	-50.00	35.00	0.00	1.00	0.00
2	10	40.00	-50.00	20.00	0.00	1.00	0.00
2	10	40.00	-50.00	5.00	0.00	1.00	0.00
2	10	40.00	-50.00	-10.00	0.00	1.00	0.00
2	10	40.00	-50.00	-25.00	0.00	1.00	0.00
2	10	40.00	-50.00	-40.00	0.00	1.00	0.00
2	10	40.00	-50.00	-50.00	0.00	1.00	0.00
2	11	50.00	-50.00	50.00	0.00	1.00	0.00
2	11	50.00	-50.00	35.00	0.00	1.00	0.00
2	11	50.00	-50.00	20.00	0.00	1.00	0.00
2	11	50.00	-50.00	5.00	0.00	1.00	0.00
2	11	50.00	-50.00	-10.00	0.00	1.00	0.00
2	11	50.00	-50.00	-25.00	0.00	1.00	0.00
2	11	50.00	-50.00	-40.00	0.00	1.00	0.00
2	11	50.00	-50.00	-50.00	0.00	1.00	0.00
3	1	50.00	-50.00	-50.00	-1.00	0.00	0.00
3	1	50.00	-50.00	-35.00	-1.00	0.00	0.00
3	1	50.00	-50.00	-20.00	-1.00	0.00	0.00
3	1	50.00	-50.00	-5.00	-1.00	0.00	0.00
3	1	50.00	-50.00	10.00	-1.00	0.00	0.00
3	1	50.00	-50.00	25.00	-1.00	0.00	0.00
3	1	50.00	-50.00	40.00	-1.00	0.00	0.00
3	1	50.00	-50.00	50.00	-1.00	0.00	0.00
3	2	50.00	-40.00	-50.00	-1.00	0.00	0.00
3	2	50.00	-40.00	-35.00	-1.00	0.00	0.00
3	2	50.00	-40.00	-20.00	-1.00	0.00	0.00
3	2	50.00	-40.00	-5.00	-1.00	0.00	0.00
3	2	50.00	-40.00	10.00	-1.00	0.00	0.00
3	2	50.00	-40.00	25.00	-1.00	0.00	0.00
3	2	50.00	-40.00	40.00	-1.00	0.00	0.00
3	2	50.00	-40.00	50.00	-1.00	0.00	0.00
3	3	50.00	-30.00	-50.00	-1.00	0.00	0.00
3	3	50.00	-30.00	-35.00	-1.00	0.00	0.00
3	3	50.00	-30.00	-20.00	-1.00	0.00	0.00
3	3	50.00	-30.00	-5.00	-1.00	0.00	0.00
3	3	50.00	-30.00	10.00	-1.00	0.00	0.00
3	3	50.00	-30.00	25.00	-1.00	0.00	0.00
3	3	50.00	-30.00	40.00	-1.00	0.00	0.00
3	3	50.00	-30.00	50.00	-1.00	0.00	0.00
3	4	50.00	-20.00	-50.00	-1.00	0.00	0.00
3	4	50.00	-20.00	-35.00	-1.00	0.00	0.00
3	4	50.00	-20.00	-20.00	-1.00	0.00	0.00
3	4	50.00	-20.00	-5.00	-1.00	0.00	0.00
3	4	50.00	-20.00	10.00	-1.00	0.00	0.00
3	4	50.00	-20.00	25.00	-1.00	0.00	0.00
3	4	50.00	-20.00	40.00	-1.00	0.00	0.00
3	4	50.00	-20.00	50.00	-1.00	0.00	0.00
3	5	50.00	-10.00	-50.00	-1.00	0.00	0.00
3	5	50.00	-10.00	-35.00	-1.00	0.00	0.00
3	5	50.00	-10.00	-20.00	-1.00	0.00	0.00
3	5	50.00	-10.00	-5.00	-1.00	0.00	0.00
3	5	50.00	-10.00	10.00	-1.00	0.00	0.00
3	5	50.00	-10.00	25.00	-1.00	0.00	0.00
3	5	50.00	-10.00	40.00	-1.00	0.00	0.00
3	5	50.00	-10.00	50.00	-1.00	0.00	0.00
3	6	50.00	0.00	-50.00	-1.00	0.00	0.00
3	6	50.00	0.00	-35.00	-1.00	0.00	0.00
3	6	50.00	0.00	-20.00	-1.00	0.00	0.00
3	6	50.00	0.00	-5.00	-1.00	0.00	0.00
3	6	50.00	0.00	10.00	-1.00	0.00	0.00
3	6	50.00	0.00	25.00	-1.00	0.00	0.00
3	6	50.00	0.00	40.00	-1.00	0.00	0.00
3	6	50.00	0.00	50.00	-1.00	0.00	0.00
3	7	50.00	10.00	-50.00	-1.00	0.00	0.00
3	7	50.00	10.00	-35.00	-1.00	0.00	0.00
3	7	50.00	10.00	-20.00	-1.00	0.00	0.00
3	7	50.00	10.00	-5.00	-1.00	0.00	0.00
3	7	50.00	10.00	10.00	-1.00	0.00	0.00
3	7	50.00	10.00	25.00	-1.00	0.00	0.00
3	7	50.00	10.00	40.00	-1.00	0.00	0.00
3	7	50.00	10.00	50.00	-1.00	0.00	0.00
3	8	50.00	20.00	-50.00	-1.00	0.00	0.00
3	8	50.00	20.00	-35.00	-1.00	0.00	0.00
3	8	50.00	20.00	-20.00	-1.00	0.00	0.00
3	8	50.00	20.00	-5.00	-1.00	0.00	0.00
3	8	50.00	20.00	10.00	-1.00	0.00	0.00
3	8	50.00	20.00	25.00	-1.00	0.00	0.00
3	8	50.00	20.00	40.00	-1.00	0.00	0.00
3	8	50.00	20.00	50.00	-1.00	0.00	0.00
3	9	50.00	30.00	-50.00	-1.00	0.00	0.00
3	9	50.00	30.00	-35.00	-1.00	0.00	0.00
3	9	50.00	30.00	-20.00	-1.00	0.00	0.00
3	9	50.00	30.00	-5.00	-1.00	0.00	0.00
3	9	50.00	30.00	10.00	-1.00	0.00	0.00
3	9	50.00	30.00	25.00	-1.00	0.00	0.00
3	9	50.00	30.00	40.00	-1.00	0.00	0.00
3	9	50.00	30.00	50.00	-1.00	0.00	0.00
3	10	50.00	40.00	-50.00	-1.00	0.00	0.00
3	10	50.00	40.00	-35.00	-1.00	0.00	0.00
3	10	50.00	40.00	-20.00	-1.00	0.00	0.00
3	10	50.00	40.00	-5.00	-1.00	0.00	0.00
3	10	50.00	40.00	10.00	-1.00	0.00	0.00
3	10	50.00	40.00	25.00	-1.00	0.00	0.00
3	10	50.00	40.00	40.00	-1.00	0.00	0.00
3	10	50.00	40.00	50.00	-1.00	0.00	0.00
3	11	50.00	50.00	50.00	-1.00	0.00	0.00
3	11	50.00	50.00	35.00	-1.00	0.00	0.00
3	11	50.00	50.00	20.00	-1.00	0.00	0.00
3	11	50.00	50.00	5.00	-1.00	0.00	0.00
3	11	50.00	50.00	-10.00	-1.00	0.00	0.00
3	11	50.00	50.00	-25.00	-1.00	0.00	0.00
3	11	50.00	50.00	-40.00	-1.00	0.00	0.00
3	11	50.00	50.00	-50.00	-1.00	0.00	0.00
4	1	50.00	50.00	-50.00	0.00	-1.00	0.00
4	1	50.00	50.00	-35.00	0.00	-1.00	0.00
4	1	50.00	50.00	-20.00	0.00	-1.00	0.00
4	1	50.00	50.00	-5.00	0.00	-1.00	0.00
4	1	50.00	50.00	10.00	0.00	-1.00	0.00
4	1	50.00	50.00	25.00	0.00	-1.00	0.00
4	1	50.00	50.00	40.00	0.00	-1.00	0.00
4	1	50.00	50.00	50.00	0.00	-1.00	0.00
4	2	40.00	50.00	-50.00	0.00	-1.00	0.00
4	2	40.00	50.00	-35.00	0.00	-1.00	0.00
4	2	40.00	50.00	-20.00	0.00	-1.00	0.00
4	2	40.00	50.00	-5.00	0.00	-1.00	0.00
4	2	40.00	50.00	10.00	0.00	-1.00	0.00
4	2	40.00	50.00	25.00	0.00	-1.00	0.00
4	2	40.00	50.00	40.00	0.00	-1.00	0.00
4	2	40.00	50.00	50.00	0.00	-1.00	0.00
4	3	30.00	50.00	-50.00	0.00	-1.00	0.00
4	3	30.00	50.00	-35.00	0.00	-1.00	0.00
4	3	30.00	50.00	-20.00	0.00	-1.00	0.00
4	3	30.00	50.00	-5.00	0.00	-1.00	0.00
4	3	30.00	50.00	10.00	0.00	-1.00	0.00
4	3	30.00	50.00	25.00	0.00	-1.00	0.00
4	3	30.00	50.00	40.00	0.00	-1.00	0.00
4	3	30.00	50.00	50.00	0.00	-1.00	0.00
4	4	20.00	50.00	-50.00	0.00	-1.00	0.00
4	4	20.00	50.00	-35.00	0.00	-1.00	0.00
4	4	20.00	50.00	-20.00	0.00	-1.00	0.00
4	4	20.00	50.00	-5.00	0.00	-1.00	0.00
4	4	20.00	50.00	10.00	0.00	-1.00	0.00
4	4	20.00	50.00	25.00	0.00	-1.00	0.00
4	4	20.00	50.00	40.00	0.00	-1.00	0.00
4	4	20.00	50.00	50.00	0.00	-1.00	0.00
4	5	10.00	50.00	-50.00	0.00	-1.00	0.00
4	5	10.00	50.00	-35.00	0.00	-1.00	0.00
4	5	10.00	50.00	-20.00	0.00	-1.00	0.00
4	5	10.00	50.00	-5.00	0.00	-1.00	0.00
4	5	10.00	50.00	10.00	0.00	-1.00	0.00
4	5	10.00	50.00	25.00	0.00	-1.00	0.00
4	5	10.00	50.00	40.00	0.00	-1.00	0.00
4	5	10.00	50.00	50.00	0.00	-1.00	0.00
4	6	0.00	50.00	-50.00	0.00	-1.00	0.00
4	6	0.00	50.00	-35.00	0.00	-1.00	0.00
4	6	0.00	50.00	-20.00	0.00	-1.00	0.00
4	6	0.00	50.00	-5.00	0.00	-1.00	0.00
4	6	0.00	50.00	10.00	0.00	-1.00	0.00
4	6	0.00	50.00	25.00	0.00	-1.00	0.00
4	6	0.00	50.00	40.00	0.00	-1.00	0.00
4	6	0.00	50.00	50.00	0.00	-1.00	0.00
4	7	-10.00	50.00	-50.00	0.00	-1.00	0.00
4	7	-10.00	50.00	-35.00	0.00	-1.00	0.00
4	7	-10.00	50.00	-20.00	0.00	-1.00	0.00
4	7	-10.00	50.00	-5.00	0.00	-1.00	0.00
4	7	-10.00	50.00	10.00	0.00	-1.00	0.00
4	7	-10.00	50.00	25.00	0.00	-1.00	0.00
4	7	-10.00	50.00	40.00	0.00	-1.00	0.00
4	7	-10.00	50.00	50.00	0.00	-1.00	0.00
4	8	-20.00	50.00	-50.00	0.00	-1.00	0.00
4	8	-20.00	50.00	-35.00	0.00	-1.00	0.00
4	8	-20.00	50.00	-20.00	0.00	-1.00	0.00
4	8	-20.00	50.00	-5.00	0.00	-1.00	0.00
4	8	-20.00	50.00	10.00	0.00	-1.00	0.00
4	8	-20.00	50.00	25.00	0.00	-1.00	0.00
4	8	-20.00	50.00	40.00	0.00	-1.00	0.00
4	8	-20.00	50.00	50.00	0.00	-1.00	0.00
4	9	-30.00	50.00	-50.00	0.00	-1.00	0.00
4	9	-30.00	50.00	-35.00	0.00	-1.00	0.00
4	9	-30.00	50.00	-20.00	0.00	-1.00	0.00
4	9	-30.00	50.00	-5.00	0.00	-1.00	0.00
4	9	-30.00	50.00	10.00	0.00	-1.00	0.00
4	9	-30.00	50.00	25.00	0.00	-1.00	0.00
4	9	-30.00	50.00	40.00	0.00	-1.00	0.00
4	9	-30.00	50.00	50.00	0.00	-1.00	0.00
4	10	-40.00	50.00	-50.00	0.00	-1.00	0.00
4	10	-40.00	50.00	-35.00	0.00	-1.00	0.00
4	10	-40.00	50.00	-20.00	0.00	-1.00	0.00
4	10	-40.00	50.00	-5.00	0.00	-1.00	0.00
4	10	-40.00	50.00	10.00	0.00	-1.00	0.00
4	10	-40.00	50.00	25.00	0.00	-1.00	0.00
4	10	-40.00	50.00	40.00	0.00	-1.00	0.00
4	10	-40.00	50.00	50.00	0.00	-1.00	0.00
4	11	-50.00	50.00	50.00	0.00	-1.00	0.00
4	11	-50.00	50.00	35.00	0.00	-1.00	0.00
4	11	-50.00	50.00	20.00	0.00	-1.00	0.00
4	11	-50.00	50.00	5.00	0.00	-1.00	0.00
4	11	-50.00	50.00	-10.00	0.00	-1.00	0.00
4	11	-50.00	50.00	-25.00	0.00	-1.00	0.00
4	11	-50.00	50.00	-40.00	0.00	-1.00	0.00
4	11	-50.00	50.00	-50.00	0.00	-1.00	0.00
5	1	-50.00	50.00	50.00	-0.00	-0.00	-1.00
5	1	-50.00	35.00	50.00	-0.00	-0.00	-1.00
5	1	-50.00	20.00	50.00	-0.00	-0.00	-1.00
5	1	-50.00	5.00	50.00	-0.00	-0.00	-1.00
5	1	-50.00	-10.00	50.00	-0.00	-0.00	-1.00
5	1	-50.00	-25.00	50.00	-0.00	-0.00	-1.00
5	1	-50.00	-40.00	50.00	-0.00	-0.00	-1.00
5	1	-50.00	-50.00	50.00	-0.00	-0.00	-1.00
5	2	-40.00	-50.00	50.00	-0.00	-0.00	-1.00
5	2	-40.00	-35.00	50.00	-0.00	-0.00	-1.00
5	2	-40.00	-20.00	50.00	-0.00	-0.00	-1.00
5	2	-40.00	-5.00	50.00	-0.00	-0.00	-1.00
5	2	-40.00	10.00	50.00	-0.00	-0.00	-1.00
5	2	-40.00	25.00	50.00	-0.00	-0.00	-1.00
5	2	-40.00	40.00	50.00	-0.00	-0.00	-1.00
5	2	-40.00	50.00	50.00	-0.00	-0.00	-1.00
5	3	-30.00	-50.00	50.00	-0.00	-0.00	-1.00
5	3	-30.00	-35.00	50.00	-0.00	-0.00	-1.00
5	3	-30.00	-20.00	50.00	-0.00	-0.00	-1.00
5	3	-30.00	-5.00	50.00	-0.00	-0.00	-1.00
5	3	-30.00	10.00	50.00	-0.00	-0.00	-1.00
5	3	-30.00	25.00	50.00	-0.00	-0.00	-1.00
5	3	-30.00	40.00	50.00	-0.00	-0.00	-1.00
5	3	-30.00	50.00	50.00	-0.00	-0.00	-1.00
5	4	-20.00	-50.00	50.00	-0.00	-0.00	-1.00
5	4	-20.00	-35.00	50.00	-0.00	-0.00	-1.00
5	4	-20.00	-20.00	50.00	-0.00	-0.00	-1.00
5	4	-20.00	-5.00	50.00	-0.00	-0.00	-1.00
5	4	-20.00	10.00	50.00	-0.00	-0.00	-1.00
5	4	-20.00	25.00	50.00	-0.00	-0.00	-1.00
5	4	-20.00	40.00	50.00	-0.00	-0.00	-1.00
5	4	-20.00	50.00	50.00	-0.00	-0.00	-1.00
5	5	-10.00	-50.00	50.00	-0.00	-0.00	-1.00
5	5	-10.00	-35.00	50.00	-0.00	-0.00	-1.00
5	5	-10.00	-20.00	50.00	-0.00	-0.00	-1.00
5	5	-10.00	-5.00	50.00	-0.00	-0.00	-1.00
5	5	-10.00	10.00	50.00	-0.00	-0.00	-1.00
5	5	-10.00	25.00	50.00	-0.00	-0.00	-1.00
5	5	-10.00	40.00	50.00	-0.00	-0.00	-1.00
5	5	-10.00	50.00	50.00	-0.00	-0.00	-1.00
5	6	0.00	-50.00	50.00	-0.00	-0.00	-1.00
5	6	0.00	-35.00	50.00	-0.00	-0.00	-1.00
5	6	0.00	-20.00	50.00	-0.00	-0.00	-1.00
5	6	0.00	-5.00	50.00	-0.00	-0.00	-1.00
5	6	0.00	10.00	50.00	-0.00	-0.00	-1.00
5	6	0.00	25.00	50.00	-0.00	-0.00	-1.00
5	6	0.00	40.00	50.00	-0.00	-0.00	-1.00
5	6	0.00	50.00	50.00	-0.00	-0.00	-1.00
5	7	10.00	-50.00	50.00	-0.00	-0.00	-1.00
5	7	10.00	-35.00	50.00	-0.00	-0.00	-1.00
5	7	10.00	-20.00	50.00	-0.00	-0.00	-1.00
5	7	10.00	-5.00	50.00	-0.00	-0.00	-1.00
5	7	10.00	10.00	50.00	-0.00	-0.00	-1.00
5	7	10.00	25.00	50.00	-0.00	-0.00	-1.00
5	7	10.00	40.00	50.00	-0.00	-0.00	-1.00
5	7	10.00	50.00	50.00	-0.00	-0.00	-1.00
5	8	20.00	-50.00	50.00	-0.00	-0.00	-1.00
5	8	20.00	-35.00	50.00	-0.00	-0.00	-1.00
5	8	20.00	-20.00	50.00	-0.00	-0.00	-1.00
5	8	20.00	-5.00	50.00	-0.00	-0.00	-1.00
5	8	20.00	10.00	50.00	-0.00	-0.00	-1.00
5	8	20.00	25.00	50.00	-0.00	-0.00	-1.00
5	8	20.00	40.00	50.00	-0.00	-0.00	-1.00
5	8	20.00	50.00	50.00	-0.00	-0.00	-1.00
5	9	30.00	-50.00	50.00	-0.00	-0.00	-1.00
5	9	30.00	-35.00	50.00	-0.00	-0.00	-1.00
5	9	30.00	-20.00	50.00	-0.00	-0.00	-1.00
5	9	30.00	-5.00	50.00	-0.00	-0.00	-1.00
5	9	30.00	10.00	50.00	-0.00	-0.00	-1.00
5	9	30.00	25.00	50.00	-0.00	-0.00	-1.00
5	9	30.00	40.00	50.00	-0.00	-0.00	-1.00
5	9	30.00	50.00	50.00	-0.00	-0.00	-1.00
5	10	40.00	-50.00	50.00	-0.00	-0.00	-1.00
5	10	40.00	-35.00	50.00	-0.00	-0.00	-1.00
5	10	40.00	-20.00	50.00	-0.00	-0.00	-1.00
5	10	40.00	-5.00	50.00	-0.00	-0.00	-1.00
5	10	40.00	10.00	50.00	-0.00	-0.00	-1.00
5	10	40.00	25.00	50.00	-0.00	-0.00	-1.00
5	10	40.00	40.00	50.00	-0.00	-0.00	-1.00
5	10	40.00	50.00	50.00	-0.00	-0.00	-1.00
5	11	50.00	-50.00	50.00	-0.00	-0.00	-1.00
5	11	50.00	-35.00	50.00	-0.00	-0.00	-1.00
5	11	50.00	-20.00	50.00	-0.00	-0.00	-1.00
5	11	50.00	-5.00	50.00	-0.00	-0.00	-1.00
5	11	50.00	10.00	50.00	-0.00	-0.00	-1.00
5	11	50.00	25.00	50.00	-0.00	-0.00	-1.00
5	11	50.00	40.00	50.00	-0.00	-0.00	-1.00
5	11	50.00	50.00	50.00	-0.00	-0.00	-1.00
6	1	-50.00	-50.00	-50.00	0.00	0.00	1.00
6	1	-35.00	-50.00	-50.00	0.00	0.00	1.00
6	1	-20.00	-50.00	-50.00	0.00	0.00	1.00
6	1	-5.00	-50.00	-50.00	0.00	0.00	1.00
6	1	10.00	-50.00	-50.00	0.00	0.00	1.00
6	1	25.00	-50.00	-50.00	0.00	0.00	1.00
6	1	40.00	-50.00	-50.00	0.00	0.00	1.00
6	1	50.00	-50.00	-50.00	0.00	0.00	1.00
6	2	50.00	-40.00	-50.00	0.00	0.00	1.00
6	2	35.00	-40.00	-50.00	0.00	0.00	1.00
6	2	20.00	-40.00	-50.00	0.00	0.00	1.00
6	2	5.00	-40.00	-50.00	0.00	0.00	1.00
6	2	-10.00	-40.00	-50.00	0.00	0.00	1.00
6	2	-25.00	-40.00	-50.00	0.00	0.00	1.00
6	2	-40.00	-40.00	-50.00	0.00	0.00	1.00
6	2	-50.00	-40.00	-50.00	0.00	0.00	1.00
6	3	50.00	-30.00	-50.00	0.00	0.00	1.00
6	3	35.00	-30.00	-50.00	0.00	0.00	1.00
6	3	20.00	-30.00	-50.00	0.00	0.00	1.00
6	3	5.00	-30.00	-50.00	0.00	0.00	1.00
6	3	-10.00	-30.00	-50.00	0.00	0.00	1.00
6	3	-25.00	-30.00	-50.00	0.00	0.00	1.00
6	3	-40.00	-30.00	-50.00	0.00	0.00	1.00
6	3	-50.00	-30.00	-50.00	0.00	0.00	1.00
6	4	50.00	-20.00	-50.00	0.00	0.00	1.00
6	4	35.00	-20.00	-50.00	0.00	0.00	1.00
6	4	20.00	-20.00	-50.00	0.00	0.00	1.00
6	4	5.00	-20.00	-50.00	0.00	0.00	1.00
6	4	-10.00	-20.00	-50.00	0.00	0.00	1.00
6	4	-25.00	-20.00	-50.00	0.00	0.00	1.00
6	4	-40.00	-20.00	-50.00	0.00	0.00	1.00
6	4	-50.00	-20.00	-50.00	0.00	0.00	1.00
6	5	50.00	-10.00	-50.00	0.00	0.00	1.00
6	5	35.00	-10.00	-50.00	0.00	0.00	1.00
6	5	20.00	-10.00	-50.00	0.00	0.00	1.00
6	5	5.00	-10.00	-50.00	0.00	0.00	1.00
6	5	-10.00	-10.00	-50.00	0.00	0.00	1.00
6	5	-25.00	-10.00	-50.00	0.00	0.00	1.00
6	5	-40.00	-10.00	-50.00	0.00	0.00	1.00
6	5	-50.00	-10.00	-50.00	0.00	0.00	1.00
6	6	50.00	0.00	-50.00	0.00	0.00	1.00
6	6	35.00	0.00	-50.00	0.00	0.00	1.00
6	6	20.00	0.00	-50.00	0.00	0.00	1.00
6	6	5.00	0.00	-50.00	0.00	0.00	1.00
6	6	-10.00	0.00	-50.00	0.00	0.00	1.00
6	6	-25.00	0.00	-50.00	0.00	0.00	1.00
6	6	-40.00	0.00	-50.00	0.00	0.00	1.00
6	6	-50.00	0.00	-50.00	0.00	0.00	1.00
6	7	50.00	10.00	-50.00	0.00	0.00	1.00
6	7	35.00	10.00	-50.00	0.00	0.00	1.00
6	7	20.00	10.00	-50.00	0.00	0.00	1.00
6	7	5.00	10.00	-50.00	0.00	0.00	1.00
6	7	-10.00	10.00	-50.00	0.00	0.00	1.00
6	7	-25.00	10.00	-50.00	0.00	0.00	1.00
6	7	-40.00	10.00	-50.00	0.00	0.00	1.00
6	7	-50.00	10.00	-50.00	0.00	0.00	1.00
6	8	50.00	20.00	-50.00	0.00	0.00	1.00
6	8	35.00	20.00	-50.00	0.00	0.00	1.00
6	8	20.00	20.00	-50.00	0.00	0.00	1.00
6	8	5.00	20.00	-50.00	0.00	0.00	1.00
6	8	-10.00	20.00	-50.00	0.00	0.00	1.00
6	8	-25.00	20.00	-50.00	0.00	0.00	1.00
6	8	-40.00	20.00	-50.00	0.00	0.00	1.00
6	8	-50.00	20.00	-50.00	0.00	0.00	1.00
6	9	50.00	30.00	-50.00	0.00	0.00	1.00
6	9	35.00	30.00	-50.00	0.00	0.00	1.00
6	9	20.00	30.00	-50.00	0.00	0.00	1.00
6	9	5.00	30.00	-50.00	0.00	0.00	1.00
6	9	-10.00	30.00	-50.00	0.00	0.00	1.00
6	9	-25.00	30.00	-50.00	0.00	0.00	1.00
6	9	-40.00	30.00	-50.00	0.00	0.00	1.00
6	9	-50.00	30.00	-50.00	0.00	0.00	1.00
6	10	50.00	40.00	-50.00	0.00	0.00	1.00
6	10	35.00	40.00	-50.00	0.00	0.00	1.00
6	10	20.00	40.00	-50.00	0.00	0.00	1.00
6	10	5.00	40.00	-50.00	0.00	0.00	1.00
6	10	-10.00	40.00	-50.00	0.00	0.00	1.00
6	10	-25.00	40.00	-50.00	0.00	0.00	1.00
6	10	-40.00	40.00	-50.00	0.00	0.00	1.00
6	10	-50.00	40.00	-50.00	0.00	0.00	1.00
6	11	50.00	50.00	-50.00	0.00	0.00	1.00
6	11	35.00	50.00	-50.00	0.00	0.00	1.00
6	11	20.00	50.00	-50.00	0.00	0.00	1.00
6	11	5.00	50.00	-50.00	0.00	0.00	1.00
6	11	-10.00	50.00	-50.00	0.00	0.00	1.00
6	11	-25.00	50.00	-50.00	0.00	0.00	1.00
6	11	-40.00	50.00	-50.00	0.00	0.00	1.00
6	11	-50.00	50.00	-50.00	0.00	0.00	1.00
